+-------+-------------------+--------------------+---------------------+------------------+------------------+-----------------+------------------+------------------+------------------+------------------+------------------+------------------+------------------+------------------+------------------+---------------------+------------------+--------------------+
|summary|           VendorID|tpep_pickup_datetime|tpep_dropoff_datetime|   passenger_count|     trip_distance|       RatecodeID|store_and_fwd_flag|      PULocationID|      DOLocationID|      payment_type|       fare_amount|             extra|           mta_tax|        tip_amount|      tolls_amount|improvement_surcharge|      total_amount|congestion_surcharge|
+-------+-------------------+--------------------+---------------------+------------------+------------------+-----------------+------------------+------------------+------------------+------------------+------------------+------------------+------------------+------------------+------------------+---------------------+------------------+--------------------+
|  count|          114827251|           116825619|            116825619|         114827251|         115883420|        115769450|         115769450|         115883420|         116825619|         115769450|         116825619|         116825619|         116825619|         116825619|         109047872|            116825617|         116825619|           111027439|
|   mean| 1.6615453329976522|                null|                 null|1.5417873703939007|3.0051115402875745|8.271815163672281| 129.1520875082491|153.78272192001236|150.99929420352564|2.2085976784891526|12.348723667108445|1.0412680278629662|0.5351940890636306|2.0442970811904115|0.3649790067429235|  0.29677401660256786|18.895122490605292|  2.1476498854485873|
| stddev|0.48770757604227377|                null|                 null| 1.188221718132886|150.06485812199307|32.66050778068166| 76.48729008141807| 74.69525735737723|165.80274234484102| 4.896087927250818|194.49270057900338| 46.27545461416597| 46.26283443328619|13.375276769459814|1.7717522089191813|  0.03734929515312017| 221.1770274404459|  0.8374335385803855|
|    min|                  1| 2001-01-01 00:02:08|  2001-01-01 01:00:02|                 0|              -.01|                1|                 1|                 0|              -.01|             -0.01|             -0.01|              -0.2|             -0.01|             -0.01|             -0.11|                 -0.3|             -0.01|               -0.75|
|    25%|                1.0|                null|                 null|               1.0|               1.0|              1.0|              65.0|             107.0|              90.0|               1.0|               6.0|               0.0|               0.5|               0.0|               0.0|                  0.3|              10.8|                 2.5|
|    50%|                2.0|                null|                 null|               1.0|              1.54|              1.0|             129.0|             161.0|             161.0|               1.0|               9.0|               0.5|               0.5|              1.75|               0.0|                  0.3|              14.3|                 2.5|
|    75%|                2.0|                null|                 null|               2.0|               2.9|              1.0|             193.0|             231.0|             232.0|               2.0|              14.0|               2.5|               0.5|              2.79|               0.0|                  0.3|             20.75|                 2.5|
|    max|                  4| 2090-12-31 06:41:26|  2090-12-31 07:18:49|                 Y|          99603.11|               99|                 Y|                99|          99989.95|               999|             999.5|             90.06|             99.99|             99.99|             99.99|                    1|             999.8|                   5|
+-------+-------------------+--------------------+---------------------+------------------+------------------+-----------------+------------------+------------------+------------------+------------------+------------------+------------------+------------------+------------------+------------------+---------------------+------------------+--------------------+